00000000000000000000000000000000
11100000111111111111001000000000
11111111111111111000000000000000
11111110000000100000000000001000
00000000000000001000000000000000
11010000111011011111001000111111
11010000111111111111001000000000
11011111111111111111111111111101
00000000000000000000000000000000
11010000111011011111001000111111
11100000000000000000000000000010
00000000000000000000000000000000
11010000111111111111001000000000
00000000000000001101000000000000
00000000011111100000000000011100
00000000000000000100000000000000
00111111100101000101010111111111
00000000000000001000000000000000
11011111011100111111111111011101
11011111011111111111111111011101
11011111011111111111111111011101
11011111011111111111111111011101
11011111011111111111111111011101
11011111011111111111111111011101
11011111011111111111111111011101
11011111011111111111111111011101
11011111011111111111111111011101
11011111011111111111111111011101
11011111011111001011111111011101
01000111000111101001110110111100
11011111011111111111101111011101
11011111011111111111111111011101
00000000000000001101000000001111
11101111111111111111111111110111
11101111111111111111111111110111
11011111011111111111101111011101
10000000011111100000000000011110
00000000001000001000000000000010
11010000111011011010001000111111
11011111111111111111111110000101
11110010111010011101101110011111
11111001111100011101011110010111
11001000111110011001011110011111
11001000111110110101011110011111
00000000000000001000000011110000
11111110000000110000000000001000
11011111111111111111111111111101
00000000000100001000000100000000
11010000111111111111001000110011
00000000000000001000000000000000
00011111110000111110111100010011
00011111110000111110111100010011
00011111110000111110111100010011
00011111110000111110111100010011
00011111110000111110111100010011
00011111110000111110111100010011
00011111110000111110111100010011
00011111110000111110111100010011
11101111111111111111111111110111
11011111011111111111011111011101
11011111111111111111111111110100
11011111111111111111111111110100
11011111111111111111111111110100
11011111111111111111111111110100
11011111111111111111111111110100
01011111111111111111111111111101
11010000111011011111001000111111
00000000000000000000000000000000
11111110000000100000000000001000
01100000000000000000000000000010
11111000000000000111111111111111
11111110000000100000000000011010
11011111111111111111111111111101
11010000111111111111001000000000
11111000111111111111001111111111
11111000111111111111001111111111
11111000111111111111001111111111
11111000111111111111001111111111
11111000111111111111001111111111
11111000111111111111001111111111
11111000111111111111001111111111
11111000111111111111001111111111
00000000000000000000000000000000
11111000111111111111001111111111
00000000000000000000000000000000
11010000111111111111001000000000
01100000000000000000000000000010
11010000111011011111001000111111
11111000111111111111001111111111
11101111111111111111111111110111
11111000000000000111111111111111
11111110000000100000000000001000
00000000000000000000000000000000
11010000111111111111001000000000
11111110000000100000000000001000
11010000111011011111001000111111
00000000000000000000000000000000
11111000111111111111001111111111
01100000000000000000000000000010
00000000011111100000000000011100
00000000000000001101000000000000
00000000000000000000000000000000
11011111111111111111111111111101
11001000111110110101011110011111
11010000111111111111001000111111
11010000111111111111001000111111
11010000111111111111001000111111
11010000111111111111001000111111
11010000111111111111001000111111
11010000111111111111001000111111
11010000111111111111001000111111
11010000111111111111001000111111
11010000111111111111001000111111
11010000111111111111001000111111
11010000111111111111001000111111
11010000111111111111001000111111
11010000111111111111001000111111
11010000111111111111001000111111
11010000111111111111001000111111
11010000111111111111001000111111
11010000111111111111001000111111
11010000111111111111001000111111
11010000111111111111001000111111
10100000011111100000000000011100
11111000111111111111001111111111
11111000111111111111001111111111
11111000111111111111001111111111
11111000111111111111001111111111
11111000111111111111001111111111
11111000111111111111001111111111
00000000000000000000000000000000
11111000111111111111001111111111
00000000000000000000000000000000
11010000111111111111001000000000
01100000000000000000000000000010
11010000111011011111001000111111
11011111111111111111111111111101
11011111111111111111111111111101
11011111111111111111111111111101
11011111111111111111111111111101
11011111111111111111111111111101
01011111111111111111111111111101
11010000111011011111001000111111
00000000000000000000000000000000
11111110000000100000000000001000
01100000000000000000000000000010
11111000000000000111111111111111
11111110000000100000000000011010
11011111111111111111111111111101
11010000111111111111001000000000
11111000111111111111001111111111
11111000111111111111001111111111
11111000111111111111001111111111
11111000111111111111001111111111
11111000111111111111001111111111
11111000111111111111001111111111
11111000111111111111001111111111
11111000111111111111001111111111
00000000000000000000000000000000
11111000111111111111001111111111
00000000000000000000000000000000
11010000111111111111001000000000
01100000000000000000000000000010
11010000111011011111001000111111
11111000111111111111001111111111
11101111111111111111111111110111
11111000000000000111111111111111
11111110000000100000000000001000
00000000000000000000000000000000
11010000111111111111001000000000
11111110000000100000000000001000
11010000111011011111001000111111
00000000000000000000000000000000
11111000111111111111001111111111
01100000000000000000000000000010
00000000011111100000000000011100
00000000000000001101000000000000
00000000000000000000000000000000
11011111111111111111111111111101
11001000111110110101011110011111
11010000111111111111001000111111
11010000111111111111001000111111
11010000111111111111001000111111
11010000111111111111001000111111
11010000111111111111001000111111
11010000111111111111001000111111
11010000111111111111001000111111
11010000111111111111001000111111
11010000111111111111001000111111
11010000111111111111001000111111
11010000111111111111001000111111
11010000111111111111001000111111
11010000111111111111001000111111
11010000111111111111001000111111
11010000111111111111001000111111
11010000111111111111001000111111
11010000111111111111001000111111
11010000111111111111001000111111
11010000111111111111001000111111
10100000011111100000000000011100
11111000111111111111001111111111
11111000111111111111001111111111
11111000111111111111001111111111
11111000111111111111001111111111
11111000111111111111001111111111
11111000111111111111001111111111
00000000000000000000000000000000
11111000111111111111001111111111
00000000000000000000000000000000
11010000111111111111001000000000
01100000000000000000000000000010
11010000111011011111001000111111
11011111111111111111111111111101
11011111111111111111111111111101
11011111111111111111111111111101
11011111111111111111111111111101
11011111111111111111111111111101
01011111111111111111111111111101
11010000111011011111001000111111
00000000000000000000000000000000
11111110000000100000000000001000
01100000000000000000000000000010
11111000000000000111111111111111
11111110000000100000000000011010
11011111111111111111111111111101
11010000111111111111001000000000
11111000111111111111001111111111
11111000111111111111001111111111
11111000111111111111001111111111
11111000111111111111001111111111
11111000111111111111001111111111
11111000111111111111001111111111
11111000111111111111001111111111
11111000111111111111001111111111
00000000000000000000000000000000
11111000111111111111001111111111
00000000000000000000000000000000
11010000111111111111001000000000
01100000000000000000000000000010
11010000111011011111001000111111
11111000111111111111001111111111
11101111111111111111111111110111
11111000000000000111111111111111
11111110000000100000000000001000
00000000000000000000000000000000
11010000111111111111001000000000
11111110000000100000000000001000
11010000111011011111001000111111
00000000000000000000000000000000
11111000111111111111001111111111
01100000000000000000000000000010
00000000011111100000000000011100
00000000000000001101000000000000
00000000000000000000000000000000
11011111111111111111111111111101
11001000111110110101011110011111
11010000111111111111001000111111
11010000111111111111001000111111
11010000111111111111001000111111
11010000111111111111001000111111
11010000111111111111001000111111
11010000111111111111001000111111
11010000111111111111001000111111
11010000111111111111001000111111
11010000111111111111001000111111
11010000111111111111001000111111
11010000111111111111001000111111
11010000111111111111001000111111
11010000111111111111001000111111
11010000111111111111001000111111
11010000111111111111001000111111
11010000111111111111001000111111
11010000111111111111001000111111
11010000111111111111001000111111
11010000111111111111001000111111
10100000011111100000000000011100
11111000111111111111001111111111
11111000111111111111001111111111
11111000111111111111001111111111
11111000111111111111001111111111
11111000111111111111001111111111
11111000111111111111001111111111
00000000000000000000000000000000
11111000111111111111001111111111
00000000000000000000000000000000
11010000111111111111001000000000
01100000000000000000000000000010
11010000111011011111001000111111
11111000111111111111001111111111
11101111111111111111111111110111
11111000000000000111111111111111
11111110000000100000000000001000
00000000000000000000000000000000
11010000111111111111001000000000
11111110000000100000000000001000
11010000111011011111001000111111
00000000000000000000000000000000
11111000111111111111001111111111
01100000000000000000000000000010
00000000011111100000000000011100
00000000000000001101000000000000
00000000000000000000000000000000
11011111111111111111111111111101
11001000111110110101011110011111
11010000111111111111001000111111
11010000111111111111001000111111
11111000111111111111001111111111
00000000000000000000000000000000
11111000111111111111001111111111
00000000000000000000000000000000
11010000111111111111001000000000
01100000000000000000000000000010
11010000111011011111001000111111
11111000111111111111001111111111
11101111111111111111111111110111
11111000000000000111111111111111
11111110000000100000000000001000
00000000000000000000000000000000
11010000111111111111001000000000
11111110000000100000000000001000
11010000111011011111001000111111
00000000000000000000000000000000
11111000111111111111001111111111
01100000000000000000000000000010
00000000011111100000000000011100
00000000000000001101000000000000
00000000000000000000000000000000
11011111111111111111111111111101
11001000111110110101011110011111
11010000111111111111001000111111
11010000111111111111001000111111
11010000111111111111001000111111
11010000111111111111001000111111
11010000111111111111001000111111
11010000111111111111001000111111
11010000111111111111001000111111
11010000111111111111001000111111
11010000111111111111001000111111
11010000111111111111001000111111
11010000111111111111001000111111
11010000111111111111001000111111
11010000111111111111001000111111
11010000111111111111001000111111
11010000111111111111001000111111
11010000111111111111001000111111
11010000111111111111001000111111
11010000111111111111001000111111
11010000111111111111001000111111
10100000011111100000000000011100
11111000111111111111001111111111
11111000111111111111001111111111
11111000111111111111001111111111
11111000111111111111001111111111
11111000111111111111001111111111
11111000111111111111001111111111
00000000000000000000000000000000
11111000111111111111001111111111
00000000000000000000000000000000
11010000111111111111001000000000
01100000000000000000000000000010
11010000111011011111001000111111
11111000111111111111001111111111
11101111111111111111111111110111
11111000000000000111111111111111
11111110000000100000000000001000
00000000000000000000000000000000
11010000111111111111001000000000
11111110000000100000000000001000
11010000111011011111001000111111
00000000000000000000000000000000
11111000111111111111001111111111
01100000000000000000000000000010
00000000011111100000000000011100
00000000000000001101000000000000
00000000000000000000000000000000
11011111111111111111111111111101
11001000111110110101011110011111
11010000111111111111001000111111
11010000111111111111001000111111
11010000111111111111001000111111
11010000111111111111001000111111
11010000111111111111001000111111
11010000111111111111001000111111
11010000111111111111001000111111
11010000111111111111001000111111
11010000111111111111001000111111
11010000111111111111001000111111
11010000111111111111001000111111
11010000111111111111001000111111
11010000111111111111001000111111
11010000111111111111001000111111
11010000111111111111001000111111
11010000111111111111001000111111
11010000111111111111001000111111
11010000111111111111001000111111
11010000111111111111001000111111
10100000011111100000000000011100
11111000111111111111001111111111
11111000111111111111001111111111
11111000111111111111001111111111
11111000111111111111001111111111
11111000111111111111001111111111
11111000111111111111001111111111
00000000000000000000000000000000
11111000111111111111001111111111
00000000000000000000000000000000
11010000111111111111001000000000
01100000000000000000000000000010
11010000111011011111001000111111
11111000111111111111001111111111
11101111111111111111111111110111
11111000000000000111111111111111
11111110000000100000000000001000
00000000000000000000000000000000
11010000111111111111001000000000
11111110000000100000000000001000
11010000111011011111001000111111
00000000000000000000000000000000
11111000111111111111001111111111
01100000000000000000000000000010
00000000011111100000000000011100
00000000000000001101000000000000
00000000000000000000000000000000
11011111111111111111111111111101
11001000111110110101011110011111
11010000111111111111001000111111
11010000111111111111001000111111
11010000111111111111001000111111
11010000111111111111001000111111
11010000111111111111001000111111
11010000111111111111001000111111
11010000111111111111001000111111
11010000111111111111001000111111
11010000111111111111001000111111
11010000111111111111001000111111
11010000111111111111001000111111
11010000111111111111001000111111
11010000111111111111001000111111
11010000111111111111001000111111
11010000111111111111001000111111
11010000111111111111001000111111
11010000111111111111001000111111
11010000111111111111001000111111
11010000111111111111001000111111
10100000011111100000000000011100
11111000111111111111001111111111
11111000111111111111001111111111
11111000111111111111001111111111
11111000111111111111001111111111
11111000111111111111001111111111
11111000111111111111001111111111
00000000000000000000000000000000
11111000111111111111001111111111
00000000000000000000000000000000
11010000111111111111001000000000
01100000000000000000000000000010
11010000111011011111001000111111
11111000111111111111001111111111
11101111111111111111111111110111
11111000000000000111111111111111
11111110000000100000000000001000
00000000000000000000000000000000
11010000111111111111001000000000
11111110000000100000000000001000
11010000111011011111001000111111
00000000000000000000000000000000
11111000111111111111001111111111
01100000000000000000000000000010
00000000011111100000000000011100
00000000000000001101000000000000
00000000000000000000000000000000
11011111111111111111111111111101
11001000111110110101011110011111
11010000111111111111001000111111
11010000111111111111001000111111
11010000111111111111001000111111
11010000111111111111001000111111
11010000111111111111001000111111
11010000111111111111001000111111
11010000111111111111001000111111
11010000111111111111001000111111
11010000111111111111001000111111
11010000111111111111001000111111
11010000111111111111001000111111
11010000111111111111001000111111
11010000111111111111001000111111
11010000111111111111001000111111
11010000111111111111001000111111
11010000111111111111001000111111
11010000111111111111001000111111
11010000111111111111001000111111
11010000111111111111001000111111
10100000011111100000000000011100
11111000111111111111001111111111
11111000111111111111001111111111
11111000111111111111001111111111
11111000111111111111001111111111
11111000111111111111001111111111
11111000111111111111001111111111
00000000000000000000000000000000
11111000111111111111001111111111
00000000000000000000000000000000
11010000111111111111001000000000
01100000000000000000000000000010
11010000111011011111001000111111
11111000111111111111001111111111
11101111111111111111111111110111
11111000000000000111111111111111
11111110000000100000000000001000
00000000000000000000000000000000
11010000111111111111001000000000
11111110000000100000000000001000
11010000111011011111001000111111
00000000000000000000000000000000
11111000111111111111001111111111
01100000000000000000000000000010
00000000011111100000000000011100
00000000000000001101000000000000
00000000000000000000000000000000
11011111111111111111111111111101
11001000111110110101011110011111
11010000111111111111001000111111
11010000111111111111001000111111
11010000111111111111001000111111
11010000111111111111001000111111
11010000111111111111001000111111
11010000111111111111001000111111
11010000111111111111001000111111
11010000111111111111001000111111
11010000111111111111001000111111
11010000111111111111001000111111
11010000111111111111001000111111
11010000111111111111001000111111
11010000111111111111001000111111
11010000111111111111001000111111
11010000111111111111001000111111
11010000111111111111001000111111
11010000111111111111001000111111
11010000111111111111001000111111
11010000111111111111001000111111
10100000011111100000000000011100
11111000111111111111001111111111
11111000111111111111001111111111
11111000111111111111001111111111
11111000111111111111001111111111
11111000111111111111001111111111
11111000111111111111001111111111
00000000000000000000000000000000
11111000111111111111001111111111
00000000000000000000000000000000
11010000111111111111001000000000
01100000000000000000000000000010
11010000111011011111001000111111
11111000111111111111001111111111
11101111111111111111111111110111
11111000000000000111111111111111
11111110000000100000000000001000
00000000000000000000000000000000
11010000111111111111001000000000
11111110000000100000000000001000
11010000111011011111001000111111
00000000000000000000000000000000
11111000111111111111001111111111
01100000000000000000000000000010
00000000011111100000000000011100
00000000000000001101000000000000
00000000000000000000000000000000
11011111111111111111111111111101
11001000111110110101011110011111
11010000111111111111001000111111
11010000111111111111001000111111
11010000111111111111001000111111
11010000111111111111001000111111
11010000111111111111001000111111
11010000111111111111001000111111
11010000111111111111001000111111
11010000111111111111001000111111
11010000111111111111001000111111
11010000111111111111001000111111
11010000111111111111001000111111
11010000111111111111001000111111
11010000111111111111001000111111
11010000111111111111001000111111
11010000111111111111001000111111
11010000111111111111001000111111
11010000111111111111001000111111
11010000111111111111001000111111
11010000111111111111001000111111
10100000011111100000000000011100
11111000111111111111001111111111
11111000111111111111001111111111
11111000111111111111001111111111
11111000111111111111001111111111
11111000111111111111001111111111
11111000111111111111001111111111
00000000000000000000000000000000
11111000111111111111001111111111
00000000000000000000000000000000
11010000111111111111001000000000
01100000000000000000000000000010
11010000111011011111001000111111
11111000111111111111001111111111
11101111111111111111111111110111
11111000000000000111111111111111
11111110000000100000000000001000
00000000000000000000000000000000
11010000111111111111001000000000
11111110000000100000000000001000
11010000111011011111001000111111
00000000000000000000000000000000
11111000111111111111001111111111
01100000000000000000000000000010
00000000011111100000000000011100
00000000000000001101000000000000
00000000000000000000000000000000
11011111111111111111111111111101
11001000111110110101011110011111
11010000111111111111001000111111
11010000111111111111001000111111
11010000111111111111001000111111
11010000111111111111001000111111
11010000111111111111001000111111
11010000111111111111001000111111
11010000111111111111001000111111
11010000111111111111001000111111
11010000111111111111001000111111
11010000111111111111001000111111
11010000111111111111001000111111
11010000111111111111001000111111
11010000111111111111001000111111
11010000111111111111001000111111
11010000111111111111001000111111
11010000111111111111001000111111
11010000111111111111001000111111
11010000111111111111001000111111
11010000111111111111001000111111
10100000011111100000000000011100
11111000111111111111001111111111
11111000111111111111001111111111
11111000111111111111001111111111
11111000111111111111001111111111
11111000111111111111001111111111
11111000111111111111001111111111
00000000000000000000000000000000
11111000111111111111001111111111
00000000000000000000000000000000
11010000111111111111001000000000
01100000000000000000000000000010
11010000111011011111001000111111
11111000111111111111001111111111
11101111111111111111111111110111
11111000000000000111111111111111
11111110000000100000000000001000
00000000000000000000000000000000
11010000111111111111001000000000
11111110000000100000000000001000
11010000111011011111001000111111
00000000000000000000000000000000
11111000111111111111001111111111
01100000000000000000000000000010
00000000011111100000000000011100
00000000000000001101000000000000
00000000000000000000000000000000
11011111111111111111111111111101
11001000111110110101011110011111
11010000111111111111001000111111
11010000111111111111001000111111
11010000111111111111001000111111
11010000111111111111001000111111
11010000111111111111001000111111
11010000111111111111001000111111
11010000111111111111001000111111
11010000111111111111001000111111
11010000111111111111001000111111
11010000111111111111001000111111
11010000111111111111001000111111
11010000111111111111001000111111
11010000111111111111001000111111
11010000111111111111001000111111
11010000111111111111001000111111
11010000111111111111001000111111
11010000111111111111001000111111
11010000111111111111001000111111
11010000111111111111001000111111
11010000111111111111001000111111
11010000111111111111001000111111
11010000111111111111001000111111
11010000111111111111001000111111
11010000111111111111001000111111
11010000111111111111001000111111
11010000111111111111001000111111
11010000111111111111001000111111
11010000111111111111001000111111
11010000111111111111001000111111
11010000111111111111001000111111
11010000111111111111001000111111
10100000011111100000000000011100
11111000111111111111001111111111
11111000111111111111001111111111
11111000111111111111001111111111
11111000111111111111001111111111
11111000111111111111001111111111
11111000111111111111001111111111
00000000000000000000000000000000
11111000111111111111001111111111
00000000000000000000000000000000
11010000111111111111001000000000
01100000000000000000000000000010
11010000111011011111001000111111
11111000111111111111001111111111
11101111111111111111111111110111
11111000000000000111111111111111
11111110000000100000000000001000
00000000000000000000000000000000
11010000111111111111001000000000
11111110000000100000000000001000
11010000111011011111001000111111
00000000000000000000000000000000
11111000111111111111001111111111
01100000000000000000000000000010
00000000011111100000000000011100
00000000000000001101000000000000
00000000000000000000000000000000
11011111111111111111111111111101
11001000111110110101011110011111
11010000111111111111001000111111
11010000111111111111001000111111
11010000111111111111001000111111
11010000111111111111001000111111
11010000111111111111001000111111
11010000111111111111001000111111
11010000111111111111001000111111
11010000111111111111001000111111
11010000111111111111001000111111
11010000111111111111001000111111
11010000111111111111001000111111
11010000111111111111001000111111
11010000111111111111001000111111
11010000111111111111001000111111
11010000111111111111001000111111
11010000111111111111001000111111
11010000111111111111001000111111
11010000111111111111001000111111
11010000111111111111001000111111
10100000011111100000000000011100
11111000111111111111001111111111
11111000111111111111001111111111
11111000111111111111001111111111
11111000111111111111001111111111
11111000111111111111001111111111
11111000111111111111001111111111
00000000000000000000000000000000
11111000111111111111001111111111
00000000000000000000000000000000
11010000111111111111001000000000
01100000000000000000000000000010
11010000111011011111001000111111
11111000111111111111001111111111
11101111111111111111111111110111
11111000000000000111111111111111
11111110000000100000000000001000
00000000000000000000000000000000
11010000111111111111001000000000
11111110000000100000000000001000
11010000111011011111001000111111
00000000000000000000000000000000
11111000111111111111001111111111
01100000000000000000000000000010
00000000011111100000000000011100
00000000000000001101000000000000
00000000000000000000000000000000
11011111111111111111111111111101
11001000111110110101011110011111
11010000111111111111001000111111
11010000111111111111001000111111
11010000111111111111001000111111
11010000111111111111001000111111
11010000111111111111001000111111
11010000111111111111001000111111
11010000111111111111001000111111
11010000111111111111001000111111
11010000111111111111001000111111
11010000111111111111001000111111
11010000111111111111001000111111
11010000111111111111001000111111
11010000111111111111001000111111
11010000111111111111001000111111
11010000111111111111001000111111
11010000111111111111001000111111
11010000111111111111001000111111
11010000111111111111001000111111
11010000111111111111001000111111
10100000011111100000000000011100
11111000111111111111001111111111
11111000111111111111001111111111
11111000111111111111001111111111
11111000111111111111001111111111
11111000111111111111001111111111
11111000111111111111001111111111
00000000000000000000000000000000
11111000111111111111001111111111
00000000000000000000000000000000
11010000111111111111001000000000
01100000000000000000000000000010
11010000111011011111001000111111
11111000111111111111001111111111
11101111111111111111111111110111
11111000000000000111111111111111
11111110000000100000000000001000
00000000000000000000000000000000
11010000111111111111001000000000
11111110000000100000000000001000
11010000111011011111001000111111
00000000000000000000000000000000
11111000111111111111001111111111
01100000000000000000000000000010
00000000011111100000000000011100
00000000000000001101000000000000
00000000000000000000000000000000
11011111111111111111111111111101
11001000111110110101011110011111
11010000111111111111001000111111
11010000111111111111001000111111
11010000111111111111001000111111
11010000111111111111001000111111
11010000111111111111001000111111
11010000111111111111001000111111
11010000111111111111001000111111
11010000111111111111001000111111
11010000111111111111001000111111
11010000111111111111001000111111
11010000111111111111001000111111
11010000111111111111001000111111
11010000111111111111001000111111
11010000111111111111001000111111
11010000111111111111001000111111
11010000111111111111001000111111
11010000111111111111001000111111
11010000111111111111001000111111
11010000111111111111001000111111
10100000011111100000000000011100
11111000111111111111001111111111
11111000111111111111001111111111
11111000111111111111001111111111
11111000111111111111001111111111
11111000111111111111001111111111
11111000111111111111001111111111
00000000000000000000000000000000
11111000111111111111001111111111
00000000000000000000000000000000
11010000111111111111001000000000
01100000000000000000000000000010
11010000111011011111001000111111
11111000111111111111001111111111
11101111111111111111111111110111
11111000000000000111111111111111
11111110000000100000000000001000
00000000000000000000000000000000
11010000111111111111001000000000
11111110000000100000000000001000
11010000111011011111001000111111
00000000000000000000000000000000
11111000111111111111001111111111
01100000000000000000000000000010
00000000011111100000000000011100
00000000000000001101000000000000
00000000000000000000000000000000
11011111111111111111111111111101
11001000111110110101011110011111
11010000111111111111001000111111
11010000111111111111001000111111
11010000111111111111001000111111
11010000111111111111001000111111
11010000111111111111001000111111
11010000111111111111001000111111
11010000111111111111001000111111
11010000111111111111001000111111
11010000111111111111001000111111
11010000111111111111001000111111
11010000111111111111001000111111
11010000111111111111001000111111
11010000111111111111001000111111
11010000111111111111001000111111
11010000111111111111001000111111
11010000111111111111001000111111
11010000111111111111001000111111
11010000111111111111001000111111
11010000111111111111001000111111
10100000011111100000000000011100
11111000111111111111001111111111
11111000111111111111001111111111
11111000111111111111001111111111
11111000111111111111001111111111
11111000111111111111001111111111
11111000111111111111001111111111
00000000000000000000000000000000
11111000111111111111001111111111
00000000000000000000000000000000
11010000111111111111001000000000
01100000000000000000000000000010
11010000111011011111001000111111
11111000111111111111001111111111
11101111111111111111111111110111
11111000000000000111111111111111
11111110000000100000000000001000
00000000000000000000000000000000
11010000111111111111001000000000
11111110000000100000000000001000
11010000111011011111001000111111
00000000000000000000000000000000
11111000111111111111001111111111
01100000000000000000000000000010
00000000011111100000000000011100
00000000000000001101000000000000
00000000000000000000000000000000
11011111111111111111111111111101
11001000111110110101011110011111
11010000111111111111001000111111
11010000111111111111001000111111
11010000111111111111001000111111
11010000111111111111001000111111
11010000111111111111001000111111
11010000111111111111001000111111
11010000111111111111001000111111
11010000111111111111001000111111
11010000111111111111001000111111
11010000111111111111001000111111
11010000111111111111001000111111
11010000111111111111001000111111
11010000111111111111001000111111
11010000111111111111001000111111
11010000111111111111001000111111
11010000111111111111001000111111
11010000111111111111001000111111
11010000111111111111001000111111
11010000111111111111001000111111
10100000011111100000000000011100
11111000111111111111001111111111
11111000111111111111001111111111
11111000111111111111001111111111
11111000111111111111001111111111
11111000111111111111001111111111
11111000111111111111001111111111
00000000000000000000000000000000
11111000111111111111001111111111
00000000000000000000000000000000
11010000111111111111001000000000
01100000000000000000000000000010
11010000111011011111001000111111
11111000111111111111001111111111
11101111111111111111111111110111
11111000000000000111111111111111
11111110000000100000000000001000
00000000000000000000000000000000
11010000111111111111001000000000
11111110000000100000000000001000
11010000111011011111001000111111
00000000000000000000000000000000
11111000111111111111001111111111
01100000000000000000000000000010
00000000011111100000000000011100
00000000000000001101000000000000
00000000000000000000000000000000
11011111111111111111111111111101
11001000111110110101011110011111
11010000111111111111001000111111
11010000111111111111001000111111
11010000111111111111001000111111
11010000111111111111001000111111
11010000111111111111001000111111
11010000111111111111001000111111
11010000111111111111001000111111
11010000111111111111001000111111
11010000111111111111001000111111
11010000111111111111001000111111
11010000111111111111001000111111
11010000111111111111001000111111
11010000111111111111001000111111
11010000111111111111001000111111
11010000111111111111001000111111
11010000111111111111001000111111
11010000111111111111001000111111
11010000111111111111001000111111
11010000111111111111001000111111
10100000011111100000000000011100
11111000111111111111001111111111
11111000111111111111001111111111
11111000111111111111001111111111
11111000111111111111001111111111
11111000111111111111001111111111
11111000111111111111001111111111
00000000000000000000000000000000
11111000111111111111001111111111
00000000000000000000000000000000
11010000111111111111001000000000
01100000000000000000000000000010
11010000111011011111001000111111
11111000111111111111001111111111
11101111111111111111111111110111
11111000000000000111111111111111
11111110000000100000000000001000
00000000000000000000000000000000
11010000111111111111001000000000
11111110000000100000000000001000
11010000111011011111001000111111
00000000000000000000000000000000
11111000111111111111001111111111
01100000000000000000000000000010
00000000011111100000000000011100
00000000000000001101000000000000
00000000000000000000000000000000
11011111111111111111111111111101
11001000111110110101011110011111
11010000111111111111001000111111
11010000111111111111001000111111
11010000111111111111001000111111
11010000111111111111001000111111
11010000111111111111001000111111
11010000111111111111001000111111
11010000111111111111001000111111
11010000111111111111001000111111
11010000111111111111001000111111
11010000111111111111001000111111
11010000111111111111001000111111
11010000111111111111001000111111
11010000111111111111001000111111
11010000111111111111001000111111
11010000111111111111001000111111
11010000111111111111001000111111
11010000111111111111001000111111
11010000111111111111001000111111
11010000111111111111001000111111
10100000011111100000000000011100
11111000111111111111001111111111
11111000111111111111001111111111
11111000111111111111001111111111
11111000111111111111001111111111
11111000111111111111001111111111
11111000111111111111001111111111
00000000000000000000000000000000
11111000111111111111001111111111
00000000000000000000000000000000
11010000111111111111001000000000
01100000000000000000000000000010
11010000111011011111001000111111
11111000111111111111001111111111
11101111111111111111111111110111
11111000000000000111111111111111
11111110000000100000000000001000
00000000000000000000000000000000
11010000111111111111001000000000
11111110000000100000000000001000
11010000111011011111001000111111
00000000000000000000000000000000
11111000111111111111001111111111
01100000000000000000000000000010
00000000011111100000000000011100
00000000000000001101000000000000
00000000000000000000000000000000
11011111111111111111111111111101
11001000111110110101011110011111
11010000111111111111001000111111
11010000111111111111001000111111
11010000111111111111001000111111
11010000111111111111001000111111
11010000111111111111001000111111
11010000111111111111001000111111
11010000111111111111001000111111
11010000111111111111001000111111
11010000111111111111001000111111
11010000111111111111001000111111
11010000111111111111001000111111
11010000111111111111001000111111
11010000111111111111001000111111
11010000111111111111001000111111
11010000111111111111001000111111
11010000111111111111001000111111
11010000111111111111001000111111
11010000111111111111001000111111
11010000111111111111001000111111
10100000011111100000000000011100
11010000111111111111001000111111
11010000111111111111001000111111
11010000111111111111001000111111
11010000111111111111001000111111
11010000111111111111001000111111
11010000111111111111001000111111
10100000011111100000000000011100
11111000111111111111001111111111
11111000111111111111001111111111
11111000111111111111001111111111
11111000111111111111001111111111
11111000111111111111001111111111
11111000111111111111001111111111
00000000000000000000000000000000
11111000111111111111001111111111
11101111111111111111111111110111
11111000000000000111111111111111
11111110000000100000000000001000
00000000000000000000000000000000
11010000111111111111001000000000
11111110000000100000000000001000
11010000111011011111001000111111
00000000000000000000000000000000
11111000111111111111001111111111
01100000000000000000000000000010
00000000011111100000000000011100
00000000000000001101000000000000
00000000000000000000000000000000
11011111111111111111111111111101
11001000111110110101011110011111
11010000111111111111001000111111
11010000111111111111001000111111
11010000111111111111001000111111
11010000111111111111001000111111
11010000111111111111001000111111
11010000111111111111001000111111
11010000111111111111001000111111
11010000111111111111001000111111
11010000111111111111001000111111
11010000111111111111001000111111
11010000111111111111001000111111
11010000111111111111001000111111
11010000111111111111001000111111
11010000111111111111001000111111
11010000111111111111001000111111
11010000111111111111001000111111
11010000111111111111001000111111
11010000111111111111001000111111
11010000111111111111001000111111
10100000011111100000000000011100
11010000111111111111001000111111
11010000111111111111001000111111
11010000111111111111001000111111
11010000111111111111001000111111
11010000111111111111001000111111
11010000111111111111001000111111
10100000011111100000000000011100
11111000111111111111001111111111
11111000111111111111001111111111
11111000111111111111001111111111
11111000111111111111001111111111
11111000111111111111001111111111
11111000111111111111001111111111
00000000000000000000000000000000
11111000111111111111001111111111
00000000000000000000000000000000
11010000111111111111001000000000
01100000000000000000000000000010
11010000111011011111001000111111
11111000111111111111001111111111
11101111111111111111111111110111
11111000000000000111111111111111
11111110000000100000000000001000
00000000000000000000000000000000
11010000111111111111001000000000
11111110000000100000000000001000
11010000111011011111001000111111
00000000000000000000000000000000
11111000111111111111001111111111
01100000000000000000000000000010
00000000011111100000000000011100
00000000000000001101000000000000
11010000111111111111001000000000
11011111111111111111111110111101
11001000111110000001011110011111
11001000111110110101011110011111
00000000000000001000000000001000
00000000000000111101000000000000
11011111011011111111011111011101
00000000000000001000000000001111
11111000111111111111001001111111
01100000000000000000000000000010
00000000011111100000000000011100
00000000000000001101000000000000
00000000000000000000000000000000
11011111111111111111111111111101
11001000111110110101011110011111
11010000111111111111001000111111
11010000111111111111001000111111
11010000111111111111001000111111
11010000111111111111001000111111
11010000111111111111001000111111
11010000111111111111001000111111
11010000111111111111001000111111
11010000111111111111001000111111
11010000111111111111001000111111
11010000111111111111001000111111
11010000111111111111001000111111
11010000111111111111001000111111
11010000111111111111001000111111
11010000111111111111001000111111
11010000111111111111001000111111
11010000111111111111001000111111
11010000111111111111001000111111
11010000111111111111001000111111
11010000111111111111001000111111
11010000111111111111001000111111
11010000111111111111001000111111
11010000111111111111001000111111
11010000111111111111001000111111
11010000111111111111001000111111
11010000111111111111001000111111
11010000111111111111001000111111
11010000111111111111001000111111
00000000000000000000000000000000
00010111110010111010011101101110
11011111111111111111111111110101
10100000011111110100000000011100
11011111111111111111111110111101
11001000111110011001011110011111
11001000111110110101011110011111
00000000000000001000000011110000
11111110000000110000000000001000
11011111111111111111111111111101
00000000000000001001000000001000
01100001111000000000000000000010
11010000111011011111001000111111
11111000111111111111001111111111
11101111111111111111111111110111
11111000000000000111111111111111
11111110000000100000000000001000
00000000000000000000000000000000
11010000111111111111001000000000
11111110000000100000000000001000
11010000111011011111001000111111
00000000000000000000000000000000
11111000111111111111001111111111
01100000000000000000000000000010
00000000011111100000000000011100
00000000000000001101000000000000
00000000000000000000000000000000
11011111111111111111111111111101
11001000111110110101011110011111
11010000111111111111001000111111
11010000111111111111001000111111
11010000111111111111001000111111
11010000111111111111001000111111
11010000111111111111001000111111
11010000111111111111001000111111
11010000111111111111001000111111
11010000111111111111001000111111
11010000111111111111001000111111
11010000111111111111001000111111
11010000111111111111001000111111
11010000111111111111001000111111
11010000111111111111001000111111
11010000111111111111001000111111
11010000111111111111001000111111
11010000111111111111001000111111
11010000111111111111001000111111
11010000111111111111001000111111
11010000111111111111001000111111
11010000111111111111001000111111
11010000111111111111001000111111
11010000111111111111001000111111
11010000111111111111001000111111
11010000111111111111001000111111
11010000111111111111001000111111
11010000111111111111001000111111
11010000111111111111001000111111
00000000000000000000000000000000
