11100101000001001000001111111111
11111110000000000000001110110011
10000001011100111110100111011111
10010111001101100000010111100101
11010011110101111011011100010010
00000111111100101000101010111111
11101110000001010001100111011111
10001111010011101101111000001000
11100011110100111011011110001110
10111101111110101111001010111100
00010000111010111101100000011110
10110000000000000100000100000000
00000100101000110100011101110010
11100011110010111010011101101110
01111100011111001111100011101011
11001011101001110101111001111100
00000000000000000001000000011110
00001101111011011101110000000000
00001000010000001000000001001110
00000011100000010111111100111011
11000011101001110010111001001011
10010110110000001111110011111001
01110110111010111110010101101110
01011011101111110100111000100111
01110010111000111100101110100111
01011110011111000111110001111001
11101101110010111010011101101110
01111100101110001111010111110111
11101011100101110111111110011100
00001111111000000000000000000000
xxxx
11010000111111111111001000111111
11111000111111111111001111111111
00000000000000000000000000000000
11010000111011011111001000111111
11010000111111111111001000000000
01100000000000000000000000000010
11111110000000100000000000001000
11011111111111111111111111111101
11101111111111111111111111110111
11111000000000000111111111111111
00000000000000001101000000000000
00000000011111100000000000011100
11001000111110110101011110011111
10100000011111100000000000011100
11011111011111111111111111011101
00011111110000111110111100010011
